num_frames 5
start 1
end 24
frame_rate 24

frame 1
	meshes 1
		name pCube1
			color ../Engine/horsepose1.jpg
			normal ../Engine/horseposeBump.jpg
			specular NONE
			vl
				p -0.5 0.5 -0.5
				n -0.57735 0.57735 -0.57735 
				t 0.801784 0.267261 -0.534523 
				b 0.154303 0.771517 0.617213 
				u 0.375 0.75
				p 0.5 -0.5 -0.5
				n 0.57735 -0.57735 -0.57735 
				t 0.771517 0.154303 0.617213 
				b 0.267261 0.801784 -0.534523 
				u 0.625 1
				p -0.5 -0.5 -0.5
				n -0.57735 -0.57735 -0.57735 
				t 0.617213 0.154303 -0.771517 
				b -0.534523 0.801784 -0.267261 
				u 0.375 1
				p 0.5 0.5 -0.5
				n 0.57735 0.57735 -0.57735 
				t 0.707107 0 0.707107 
				b 0.154303 0.771517 0.617213 
				u 0.625 0.75
				p 0.5 -0.5 -0.5
				n 0.57735 -0.57735 -0.57735 
				t 0.771517 0.154303 0.617213 
				b 0.267261 0.801784 -0.534523 
				u 0.625 1
				p -0.5 0.5 -0.5
				n -0.57735 0.57735 -0.57735 
				t 0.801784 0.267261 -0.534523 
				b 0.154303 0.771517 0.617213 
				u 0.375 0.75
				p 0.5 0.5 0.5
				n 0.57735 0.57735 0.57735 
				t 0.816496 -0.408248 -0.408248 
				b -0.408248 0.816497 0.408248 
				u 0.625 0.5
				p -0.5 0.5 -0.5
				n -0.57735 0.57735 -0.57735 
				t 0.801784 0.267261 -0.534523 
				b 0.154303 0.771517 0.617213 
				u 0.375 0.75
				p -0.5 0.5 0.5
				n -0.57735 0.57735 0.57735 
				t 0.816496 0.408248 0.408248 
				b 0.267261 0.801784 -0.534523 
				u 0.375 0.5
				p 0.5 0.5 -0.5
				n 0.57735 0.57735 -0.57735 
				t 0.707107 0 0.707107 
				b 0.154303 0.771517 0.617213 
				u 0.625 0.75
				p -0.5 0.5 -0.5
				n -0.57735 0.57735 -0.57735 
				t 0.801784 0.267261 -0.534523 
				b 0.154303 0.771517 0.617213 
				u 0.375 0.75
				p 0.5 0.5 0.5
				n 0.57735 0.57735 0.57735 
				t 0.816496 -0.408248 -0.408248 
				b -0.408248 0.816497 0.408248 
				u 0.625 0.5
				p -0.5 -0.5 0.5
				n -0.57735 -0.57735 0.57735 
				t 0.816497 -0.408248 0.408248 
				b 0 -0.707107 0.707107 
				u 0.375 0.25
				p 0.5 0.5 0.5
				n 0.57735 0.57735 0.57735 
				t 0.816496 -0.408248 -0.408248 
				b -0.408248 0.816497 0.408248 
				u 0.625 0.5
				p -0.5 0.5 0.5
				n -0.57735 0.57735 0.57735 
				t 0.816496 0.408248 0.408248 
				b 0.267261 0.801784 -0.534523 
				u 0.375 0.5
				p 0.5 -0.5 0.5
				n 0.57735 -0.57735 0.57735 
				t 0.816497 0.408248 -0.408248 
				b 0.154303 0.771517 0.617213 
				u 0.625 0.25
				p 0.5 0.5 0.5
				n 0.57735 0.57735 0.57735 
				t 0.816496 -0.408248 -0.408248 
				b -0.408248 0.816497 0.408248 
				u 0.625 0.5
				p -0.5 -0.5 0.5
				n -0.57735 -0.57735 0.57735 
				t 0.816497 -0.408248 0.408248 
				b 0 -0.707107 0.707107 
				u 0.375 0.25
				p -0.5 -0.5 -0.5
				n -0.57735 -0.57735 -0.57735 
				t 0.816496 -0.408248 -0.408248 
				b -0.534523 0.801784 -0.267261 
				u 0.375 0
				p 0.5 -0.5 0.5
				n 0.57735 -0.57735 0.57735 
				t 0.816497 0.408248 -0.408248 
				b 0.154303 0.771517 0.617213 
				u 0.625 0.25
				p -0.5 -0.5 0.5
				n -0.57735 -0.57735 0.57735 
				t 0.816497 -0.408248 0.408248 
				b 0 -0.707107 0.707107 
				u 0.375 0.25
				p 0.5 -0.5 -0.5
				n 0.57735 -0.57735 -0.57735 
				t 0.816496 0.408248 0.408248 
				b 0.267261 0.801784 -0.534523 
				u 0.625 0
				p 0.5 -0.5 0.5
				n 0.57735 -0.57735 0.57735 
				t 0.816497 0.408248 -0.408248 
				b 0.154303 0.771517 0.617213 
				u 0.625 0.25
				p -0.5 -0.5 -0.5
				n -0.57735 -0.57735 -0.57735 
				t 0.816496 -0.408248 -0.408248 
				b -0.534523 0.801784 -0.267261 
				u 0.375 0
				p 0.5 0.5 -0.5
				n 0.57735 0.57735 -0.57735 
				t 0.707107 0 0.707107 
				b 0.154303 0.771517 0.617213 
				u 0.625 0.75
				p 0.5 -0.5 0.5
				n 0.57735 -0.57735 0.57735 
				t -0.408248 0.408248 0.816496 
				b 0.154303 0.771517 0.617213 
				u 0.875 1
				p 0.5 -0.5 -0.5
				n 0.57735 -0.57735 -0.57735 
				t 0.771517 0.154303 0.617213 
				b 0.267261 0.801784 -0.534523 
				u 0.625 1
				p 0.5 0.5 0.5
				n 0.57735 0.57735 0.57735 
				t -0.408248 -0.408248 0.816496 
				b -0.408248 0.816497 0.408248 
				u 0.875 0.75
				p 0.5 -0.5 0.5
				n 0.57735 -0.57735 0.57735 
				t -0.408248 0.408248 0.816496 
				b 0.154303 0.771517 0.617213 
				u 0.875 1
				p 0.5 0.5 -0.5
				n 0.57735 0.57735 -0.57735 
				t 0.707107 0 0.707107 
				b 0.154303 0.771517 0.617213 
				u 0.625 0.75
				p -0.5 0.5 0.5
				n -0.57735 0.57735 0.57735 
				t -0.408248 0.408248 -0.816496 
				b 0.267261 0.801784 -0.534523 
				u 0.125 0.75
				p -0.5 -0.5 -0.5
				n -0.57735 -0.57735 -0.57735 
				t 0.617213 0.154303 -0.771517 
				b -0.534523 0.801784 -0.267261 
				u 0.375 1
				p -0.5 -0.5 0.5
				n -0.57735 -0.57735 0.57735 
				t -0.408248 -0.408248 -0.816496 
				b 0 -0.707107 0.707107 
				u 0.125 1
				p -0.5 0.5 -0.5
				n -0.57735 0.57735 -0.57735 
				t 0.801784 0.267261 -0.534523 
				b 0.154303 0.771517 0.617213 
				u 0.375 0.75
				p -0.5 -0.5 -0.5
				n -0.57735 -0.57735 -0.57735 
				t 0.617213 0.154303 -0.771517 
				b -0.534523 0.801784 -0.267261 
				u 0.375 1
				p -0.5 0.5 0.5
				n -0.57735 0.57735 0.57735 
				t -0.408248 0.408248 -0.816496 
				b 0.267261 0.801784 -0.534523 
				u 0.125 0.75
end
frame 2
	meshes 1
		name pCube1
			color ../Engine/horsepose1.jpg
			normal ../Engine/horseposeBump.jpg
			vl
				p -0.5 0.5 -1.4375
				n -0.57735 0.57735 -0.57735 
				t 0.801784 0.267261 -0.534523 
				b 0.154303 0.771517 0.617213 
				u 0.375 0.75
				p 0.5 -0.5 -1.4375
				n 0.57735 -0.57735 -0.57735 
				t 0.771517 0.154303 0.617213 
				b 0.267261 0.801784 -0.534523 
				u 0.625 1
				p -0.5 -0.5 -1.4375
				n -0.57735 -0.57735 -0.57735 
				t 0.617213 0.154303 -0.771517 
				b -0.534523 0.801784 -0.267261 
				u 0.375 1
				p 0.5 0.5 -1.4375
				n 0.57735 0.57735 -0.57735 
				t 0.707107 0 0.707107 
				b 0.154303 0.771517 0.617213 
				u 0.625 0.75
				p 0.5 -0.5 -1.4375
				n 0.57735 -0.57735 -0.57735 
				t 0.771517 0.154303 0.617213 
				b 0.267261 0.801784 -0.534523 
				u 0.625 1
				p -0.5 0.5 -1.4375
				n -0.57735 0.57735 -0.57735 
				t 0.801784 0.267261 -0.534523 
				b 0.154303 0.771517 0.617213 
				u 0.375 0.75
				p 0.5 0.5 -0.4375
				n 0.57735 0.57735 0.57735 
				t 0.816496 -0.408248 -0.408248 
				b -0.408248 0.816497 0.408248 
				u 0.625 0.5
				p -0.5 0.5 -1.4375
				n -0.57735 0.57735 -0.57735 
				t 0.801784 0.267261 -0.534523 
				b 0.154303 0.771517 0.617213 
				u 0.375 0.75
				p -0.5 0.5 -0.4375
				n -0.57735 0.57735 0.57735 
				t 0.816496 0.408248 0.408248 
				b 0.267261 0.801784 -0.534523 
				u 0.375 0.5
				p 0.5 0.5 -1.4375
				n 0.57735 0.57735 -0.57735 
				t 0.707107 0 0.707107 
				b 0.154303 0.771517 0.617213 
				u 0.625 0.75
				p -0.5 0.5 -1.4375
				n -0.57735 0.57735 -0.57735 
				t 0.801784 0.267261 -0.534523 
				b 0.154303 0.771517 0.617213 
				u 0.375 0.75
				p 0.5 0.5 -0.4375
				n 0.57735 0.57735 0.57735 
				t 0.816496 -0.408248 -0.408248 
				b -0.408248 0.816497 0.408248 
				u 0.625 0.5
				p -0.5 -0.5 -0.4375
				n -0.57735 -0.57735 0.57735 
				t 0.816497 -0.408248 0.408248 
				b 0 -0.707107 0.707107 
				u 0.375 0.25
				p 0.5 0.5 -0.4375
				n 0.57735 0.57735 0.57735 
				t 0.816496 -0.408248 -0.408248 
				b -0.408248 0.816497 0.408248 
				u 0.625 0.5
				p -0.5 0.5 -0.4375
				n -0.57735 0.57735 0.57735 
				t 0.816496 0.408248 0.408248 
				b 0.267261 0.801784 -0.534523 
				u 0.375 0.5
				p 0.5 -0.5 -0.4375
				n 0.57735 -0.57735 0.57735 
				t 0.816497 0.408248 -0.408248 
				b 0.154303 0.771517 0.617213 
				u 0.625 0.25
				p 0.5 0.5 -0.4375
				n 0.57735 0.57735 0.57735 
				t 0.816496 -0.408248 -0.408248 
				b -0.408248 0.816497 0.408248 
				u 0.625 0.5
				p -0.5 -0.5 -0.4375
				n -0.57735 -0.57735 0.57735 
				t 0.816497 -0.408248 0.408248 
				b 0 -0.707107 0.707107 
				u 0.375 0.25
				p -0.5 -0.5 -1.4375
				n -0.57735 -0.57735 -0.57735 
				t 0.816496 -0.408248 -0.408248 
				b -0.534523 0.801784 -0.267261 
				u 0.375 0
				p 0.5 -0.5 -0.4375
				n 0.57735 -0.57735 0.57735 
				t 0.816497 0.408248 -0.408248 
				b 0.154303 0.771517 0.617213 
				u 0.625 0.25
				p -0.5 -0.5 -0.4375
				n -0.57735 -0.57735 0.57735 
				t 0.816497 -0.408248 0.408248 
				b 0 -0.707107 0.707107 
				u 0.375 0.25
				p 0.5 -0.5 -1.4375
				n 0.57735 -0.57735 -0.57735 
				t 0.816496 0.408248 0.408248 
				b 0.267261 0.801784 -0.534523 
				u 0.625 0
				p 0.5 -0.5 -0.4375
				n 0.57735 -0.57735 0.57735 
				t 0.816497 0.408248 -0.408248 
				b 0.154303 0.771517 0.617213 
				u 0.625 0.25
				p -0.5 -0.5 -1.4375
				n -0.57735 -0.57735 -0.57735 
				t 0.816496 -0.408248 -0.408248 
				b -0.534523 0.801784 -0.267261 
				u 0.375 0
				p 0.5 0.5 -1.4375
				n 0.57735 0.57735 -0.57735 
				t 0.707107 0 0.707107 
				b 0.154303 0.771517 0.617213 
				u 0.625 0.75
				p 0.5 -0.5 -0.4375
				n 0.57735 -0.57735 0.57735 
				t -0.408248 0.408248 0.816496 
				b 0.154303 0.771517 0.617213 
				u 0.875 1
				p 0.5 -0.5 -1.4375
				n 0.57735 -0.57735 -0.57735 
				t 0.771517 0.154303 0.617213 
				b 0.267261 0.801784 -0.534523 
				u 0.625 1
				p 0.5 0.5 -0.4375
				n 0.57735 0.57735 0.57735 
				t -0.408248 -0.408248 0.816496 
				b -0.408248 0.816497 0.408248 
				u 0.875 0.75
				p 0.5 -0.5 -0.4375
				n 0.57735 -0.57735 0.57735 
				t -0.408248 0.408248 0.816496 
				b 0.154303 0.771517 0.617213 
				u 0.875 1
				p 0.5 0.5 -1.4375
				n 0.57735 0.57735 -0.57735 
				t 0.707107 0 0.707107 
				b 0.154303 0.771517 0.617213 
				u 0.625 0.75
				p -0.5 0.5 -0.4375
				n -0.57735 0.57735 0.57735 
				t -0.408248 0.408248 -0.816496 
				b 0.267261 0.801784 -0.534523 
				u 0.125 0.75
				p -0.5 -0.5 -1.4375
				n -0.57735 -0.57735 -0.57735 
				t 0.617213 0.154303 -0.771517 
				b -0.534523 0.801784 -0.267261 
				u 0.375 1
				p -0.5 -0.5 -0.4375
				n -0.57735 -0.57735 0.57735 
				t -0.408248 -0.408248 -0.816496 
				b 0 -0.707107 0.707107 
				u 0.125 1
				p -0.5 0.5 -1.4375
				n -0.57735 0.57735 -0.57735 
				t 0.801784 0.267261 -0.534523 
				b 0.154303 0.771517 0.617213 
				u 0.375 0.75
				p -0.5 -0.5 -1.4375
				n -0.57735 -0.57735 -0.57735 
				t 0.617213 0.154303 -0.771517 
				b -0.534523 0.801784 -0.267261 
				u 0.375 1
				p -0.5 0.5 -0.4375
				n -0.57735 0.57735 0.57735 
				t -0.408248 0.408248 -0.816496 
				b 0.267261 0.801784 -0.534523 
				u 0.125 0.75
end
frame 5
	meshes 1
		name pCube1
			color ../Engine/horsepose1.jpg
			normal ../Engine/horseposeBump.jpg
			vl
				p -0.5 0.5 -6.5
				n -0.57735 0.57735 -0.57735 
				t 0.801784 0.267261 -0.534523 
				b 0.154303 0.771517 0.617213 
				u 0.375 0.75
				p 0.5 -0.5 -6.5
				n 0.57735 -0.57735 -0.57735 
				t 0.771517 0.154303 0.617213 
				b 0.267261 0.801784 -0.534523 
				u 0.625 1
				p -0.5 -0.5 -6.5
				n -0.57735 -0.57735 -0.57735 
				t 0.617213 0.154303 -0.771517 
				b -0.534523 0.801784 -0.267261 
				u 0.375 1
				p 0.5 0.5 -6.5
				n 0.57735 0.57735 -0.57735 
				t 0.707107 0 0.707107 
				b 0.154303 0.771517 0.617213 
				u 0.625 0.75
				p 0.5 -0.5 -6.5
				n 0.57735 -0.57735 -0.57735 
				t 0.771517 0.154303 0.617213 
				b 0.267261 0.801784 -0.534523 
				u 0.625 1
				p -0.5 0.5 -6.5
				n -0.57735 0.57735 -0.57735 
				t 0.801784 0.267261 -0.534523 
				b 0.154303 0.771517 0.617213 
				u 0.375 0.75
				p 0.5 0.5 -5.5
				n 0.57735 0.57735 0.57735 
				t 0.816496 -0.408248 -0.408248 
				b -0.408248 0.816497 0.408248 
				u 0.625 0.5
				p -0.5 0.5 -6.5
				n -0.57735 0.57735 -0.57735 
				t 0.801784 0.267261 -0.534523 
				b 0.154303 0.771517 0.617213 
				u 0.375 0.75
				p -0.5 0.5 -5.5
				n -0.57735 0.57735 0.57735 
				t 0.816496 0.408248 0.408248 
				b 0.267261 0.801784 -0.534523 
				u 0.375 0.5
				p 0.5 0.5 -6.5
				n 0.57735 0.57735 -0.57735 
				t 0.707107 0 0.707107 
				b 0.154303 0.771517 0.617213 
				u 0.625 0.75
				p -0.5 0.5 -6.5
				n -0.57735 0.57735 -0.57735 
				t 0.801784 0.267261 -0.534523 
				b 0.154303 0.771517 0.617213 
				u 0.375 0.75
				p 0.5 0.5 -5.5
				n 0.57735 0.57735 0.57735 
				t 0.816496 -0.408248 -0.408248 
				b -0.408248 0.816497 0.408248 
				u 0.625 0.5
				p -0.5 -0.5 -5.5
				n -0.57735 -0.57735 0.57735 
				t 0.816497 -0.408248 0.408248 
				b 0 -0.707107 0.707107 
				u 0.375 0.25
				p 0.5 0.5 -5.5
				n 0.57735 0.57735 0.57735 
				t 0.816496 -0.408248 -0.408248 
				b -0.408248 0.816497 0.408248 
				u 0.625 0.5
				p -0.5 0.5 -5.5
				n -0.57735 0.57735 0.57735 
				t 0.816496 0.408248 0.408248 
				b 0.267261 0.801784 -0.534523 
				u 0.375 0.5
				p 0.5 -0.5 -5.5
				n 0.57735 -0.57735 0.57735 
				t 0.816497 0.408248 -0.408248 
				b 0.154303 0.771517 0.617213 
				u 0.625 0.25
				p 0.5 0.5 -5.5
				n 0.57735 0.57735 0.57735 
				t 0.816496 -0.408248 -0.408248 
				b -0.408248 0.816497 0.408248 
				u 0.625 0.5
				p -0.5 -0.5 -5.5
				n -0.57735 -0.57735 0.57735 
				t 0.816497 -0.408248 0.408248 
				b 0 -0.707107 0.707107 
				u 0.375 0.25
				p -0.5 -0.5 -6.5
				n -0.57735 -0.57735 -0.57735 
				t 0.816496 -0.408248 -0.408248 
				b -0.534523 0.801784 -0.267261 
				u 0.375 0
				p 0.5 -0.5 -5.5
				n 0.57735 -0.57735 0.57735 
				t 0.816497 0.408248 -0.408248 
				b 0.154303 0.771517 0.617213 
				u 0.625 0.25
				p -0.5 -0.5 -5.5
				n -0.57735 -0.57735 0.57735 
				t 0.816497 -0.408248 0.408248 
				b 0 -0.707107 0.707107 
				u 0.375 0.25
				p 0.5 -0.5 -6.5
				n 0.57735 -0.57735 -0.57735 
				t 0.816496 0.408248 0.408248 
				b 0.267261 0.801784 -0.534523 
				u 0.625 0
				p 0.5 -0.5 -5.5
				n 0.57735 -0.57735 0.57735 
				t 0.816497 0.408248 -0.408248 
				b 0.154303 0.771517 0.617213 
				u 0.625 0.25
				p -0.5 -0.5 -6.5
				n -0.57735 -0.57735 -0.57735 
				t 0.816496 -0.408248 -0.408248 
				b -0.534523 0.801784 -0.267261 
				u 0.375 0
				p 0.5 0.5 -6.5
				n 0.57735 0.57735 -0.57735 
				t 0.707107 0 0.707107 
				b 0.154303 0.771517 0.617213 
				u 0.625 0.75
				p 0.5 -0.5 -5.5
				n 0.57735 -0.57735 0.57735 
				t -0.408248 0.408248 0.816496 
				b 0.154303 0.771517 0.617213 
				u 0.875 1
				p 0.5 -0.5 -6.5
				n 0.57735 -0.57735 -0.57735 
				t 0.771517 0.154303 0.617213 
				b 0.267261 0.801784 -0.534523 
				u 0.625 1
				p 0.5 0.5 -5.5
				n 0.57735 0.57735 0.57735 
				t -0.408248 -0.408248 0.816496 
				b -0.408248 0.816497 0.408248 
				u 0.875 0.75
				p 0.5 -0.5 -5.5
				n 0.57735 -0.57735 0.57735 
				t -0.408248 0.408248 0.816496 
				b 0.154303 0.771517 0.617213 
				u 0.875 1
				p 0.5 0.5 -6.5
				n 0.57735 0.57735 -0.57735 
				t 0.707107 0 0.707107 
				b 0.154303 0.771517 0.617213 
				u 0.625 0.75
				p -0.5 0.5 -5.5
				n -0.57735 0.57735 0.57735 
				t -0.408248 0.408248 -0.816496 
				b 0.267261 0.801784 -0.534523 
				u 0.125 0.75
				p -0.5 -0.5 -6.5
				n -0.57735 -0.57735 -0.57735 
				t 0.617213 0.154303 -0.771517 
				b -0.534523 0.801784 -0.267261 
				u 0.375 1
				p -0.5 -0.5 -5.5
				n -0.57735 -0.57735 0.57735 
				t -0.408248 -0.408248 -0.816496 
				b 0 -0.707107 0.707107 
				u 0.125 1
				p -0.5 0.5 -6.5
				n -0.57735 0.57735 -0.57735 
				t 0.801784 0.267261 -0.534523 
				b 0.154303 0.771517 0.617213 
				u 0.375 0.75
				p -0.5 -0.5 -6.5
				n -0.57735 -0.57735 -0.57735 
				t 0.617213 0.154303 -0.771517 
				b -0.534523 0.801784 -0.267261 
				u 0.375 1
				p -0.5 0.5 -5.5
				n -0.57735 0.57735 0.57735 
				t -0.408248 0.408248 -0.816496 
				b 0.267261 0.801784 -0.534523 
				u 0.125 0.75
end
frame 10
	meshes 1
		name pCube1
			color ../Engine/horsepose1.jpg
			normal ../Engine/horseposeBump.jpg
			vl
				p -0.5 0.5 3.5
				n -0.57735 0.57735 -0.57735 
				t 0.801784 0.267261 -0.534523 
				b 0.154303 0.771517 0.617213 
				u 0.375 0.75
				p 0.5 -0.5 3.5
				n 0.57735 -0.57735 -0.57735 
				t 0.771517 0.154303 0.617213 
				b 0.267261 0.801784 -0.534523 
				u 0.625 1
				p -0.5 -0.5 3.5
				n -0.57735 -0.57735 -0.57735 
				t 0.617213 0.154303 -0.771517 
				b -0.534523 0.801784 -0.267261 
				u 0.375 1
				p 0.5 0.5 3.5
				n 0.57735 0.57735 -0.57735 
				t 0.707107 0 0.707107 
				b 0.154303 0.771517 0.617213 
				u 0.625 0.75
				p 0.5 -0.5 3.5
				n 0.57735 -0.57735 -0.57735 
				t 0.771517 0.154303 0.617213 
				b 0.267261 0.801784 -0.534523 
				u 0.625 1
				p -0.5 0.5 3.5
				n -0.57735 0.57735 -0.57735 
				t 0.801784 0.267261 -0.534523 
				b 0.154303 0.771517 0.617213 
				u 0.375 0.75
				p 0.5 0.5 4.5
				n 0.57735 0.57735 0.57735 
				t 0.816496 -0.408248 -0.408248 
				b -0.408248 0.816497 0.408248 
				u 0.625 0.5
				p -0.5 0.5 3.5
				n -0.57735 0.57735 -0.57735 
				t 0.801784 0.267261 -0.534523 
				b 0.154303 0.771517 0.617213 
				u 0.375 0.75
				p -0.5 0.5 4.5
				n -0.57735 0.57735 0.57735 
				t 0.816496 0.408248 0.408248 
				b 0.267261 0.801784 -0.534523 
				u 0.375 0.5
				p 0.5 0.5 3.5
				n 0.57735 0.57735 -0.57735 
				t 0.707107 0 0.707107 
				b 0.154303 0.771517 0.617213 
				u 0.625 0.75
				p -0.5 0.5 3.5
				n -0.57735 0.57735 -0.57735 
				t 0.801784 0.267261 -0.534523 
				b 0.154303 0.771517 0.617213 
				u 0.375 0.75
				p 0.5 0.5 4.5
				n 0.57735 0.57735 0.57735 
				t 0.816496 -0.408248 -0.408248 
				b -0.408248 0.816497 0.408248 
				u 0.625 0.5
				p -0.5 -0.5 4.5
				n -0.57735 -0.57735 0.57735 
				t 0.816497 -0.408248 0.408248 
				b 0 -0.707107 0.707107 
				u 0.375 0.25
				p 0.5 0.5 4.5
				n 0.57735 0.57735 0.57735 
				t 0.816496 -0.408248 -0.408248 
				b -0.408248 0.816497 0.408248 
				u 0.625 0.5
				p -0.5 0.5 4.5
				n -0.57735 0.57735 0.57735 
				t 0.816496 0.408248 0.408248 
				b 0.267261 0.801784 -0.534523 
				u 0.375 0.5
				p 0.5 -0.5 4.5
				n 0.57735 -0.57735 0.57735 
				t 0.816497 0.408248 -0.408248 
				b 0.154303 0.771517 0.617213 
				u 0.625 0.25
				p 0.5 0.5 4.5
				n 0.57735 0.57735 0.57735 
				t 0.816496 -0.408248 -0.408248 
				b -0.408248 0.816497 0.408248 
				u 0.625 0.5
				p -0.5 -0.5 4.5
				n -0.57735 -0.57735 0.57735 
				t 0.816497 -0.408248 0.408248 
				b 0 -0.707107 0.707107 
				u 0.375 0.25
				p -0.5 -0.5 3.5
				n -0.57735 -0.57735 -0.57735 
				t 0.816496 -0.408248 -0.408248 
				b -0.534523 0.801784 -0.267261 
				u 0.375 0
				p 0.5 -0.5 4.5
				n 0.57735 -0.57735 0.57735 
				t 0.816497 0.408248 -0.408248 
				b 0.154303 0.771517 0.617213 
				u 0.625 0.25
				p -0.5 -0.5 4.5
				n -0.57735 -0.57735 0.57735 
				t 0.816497 -0.408248 0.408248 
				b 0 -0.707107 0.707107 
				u 0.375 0.25
				p 0.5 -0.5 3.5
				n 0.57735 -0.57735 -0.57735 
				t 0.816496 0.408248 0.408248 
				b 0.267261 0.801784 -0.534523 
				u 0.625 0
				p 0.5 -0.5 4.5
				n 0.57735 -0.57735 0.57735 
				t 0.816497 0.408248 -0.408248 
				b 0.154303 0.771517 0.617213 
				u 0.625 0.25
				p -0.5 -0.5 3.5
				n -0.57735 -0.57735 -0.57735 
				t 0.816496 -0.408248 -0.408248 
				b -0.534523 0.801784 -0.267261 
				u 0.375 0
				p 0.5 0.5 3.5
				n 0.57735 0.57735 -0.57735 
				t 0.707107 0 0.707107 
				b 0.154303 0.771517 0.617213 
				u 0.625 0.75
				p 0.5 -0.5 4.5
				n 0.57735 -0.57735 0.57735 
				t -0.408248 0.408248 0.816496 
				b 0.154303 0.771517 0.617213 
				u 0.875 1
				p 0.5 -0.5 3.5
				n 0.57735 -0.57735 -0.57735 
				t 0.771517 0.154303 0.617213 
				b 0.267261 0.801784 -0.534523 
				u 0.625 1
				p 0.5 0.5 4.5
				n 0.57735 0.57735 0.57735 
				t -0.408248 -0.408248 0.816496 
				b -0.408248 0.816497 0.408248 
				u 0.875 0.75
				p 0.5 -0.5 4.5
				n 0.57735 -0.57735 0.57735 
				t -0.408248 0.408248 0.816496 
				b 0.154303 0.771517 0.617213 
				u 0.875 1
				p 0.5 0.5 3.5
				n 0.57735 0.57735 -0.57735 
				t 0.707107 0 0.707107 
				b 0.154303 0.771517 0.617213 
				u 0.625 0.75
				p -0.5 0.5 4.5
				n -0.57735 0.57735 0.57735 
				t -0.408248 0.408248 -0.816496 
				b 0.267261 0.801784 -0.534523 
				u 0.125 0.75
				p -0.5 -0.5 3.5
				n -0.57735 -0.57735 -0.57735 
				t 0.617213 0.154303 -0.771517 
				b -0.534523 0.801784 -0.267261 
				u 0.375 1
				p -0.5 -0.5 4.5
				n -0.57735 -0.57735 0.57735 
				t -0.408248 -0.408248 -0.816496 
				b 0 -0.707107 0.707107 
				u 0.125 1
				p -0.5 0.5 3.5
				n -0.57735 0.57735 -0.57735 
				t 0.801784 0.267261 -0.534523 
				b 0.154303 0.771517 0.617213 
				u 0.375 0.75
				p -0.5 -0.5 3.5
				n -0.57735 -0.57735 -0.57735 
				t 0.617213 0.154303 -0.771517 
				b -0.534523 0.801784 -0.267261 
				u 0.375 1
				p -0.5 0.5 4.5
				n -0.57735 0.57735 0.57735 
				t -0.408248 0.408248 -0.816496 
				b 0.267261 0.801784 -0.534523 
				u 0.125 0.75
end
frame 24
	meshes 1
		name pCube1
			color ../Engine/horsepose1.jpg
			normal ../Engine/horseposeBump.jpg
			vl
				p -0.5 0.5 -0.5
				n -0.57735 0.57735 -0.57735 
				t 0.801784 0.267261 -0.534523 
				b 0.154303 0.771517 0.617213 
				u 0.375 0.75
				p 0.5 -0.5 -0.5
				n 0.57735 -0.57735 -0.57735 
				t 0.771517 0.154303 0.617213 
				b 0.267261 0.801784 -0.534523 
				u 0.625 1
				p -0.5 -0.5 -0.5
				n -0.57735 -0.57735 -0.57735 
				t 0.617213 0.154303 -0.771517 
				b -0.534523 0.801784 -0.267261 
				u 0.375 1
				p 0.5 0.5 -0.5
				n 0.57735 0.57735 -0.57735 
				t 0.707107 0 0.707107 
				b 0.154303 0.771517 0.617213 
				u 0.625 0.75
				p 0.5 -0.5 -0.5
				n 0.57735 -0.57735 -0.57735 
				t 0.771517 0.154303 0.617213 
				b 0.267261 0.801784 -0.534523 
				u 0.625 1
				p -0.5 0.5 -0.5
				n -0.57735 0.57735 -0.57735 
				t 0.801784 0.267261 -0.534523 
				b 0.154303 0.771517 0.617213 
				u 0.375 0.75
				p 0.5 0.5 0.5
				n 0.57735 0.57735 0.57735 
				t 0.816496 -0.408248 -0.408248 
				b -0.408248 0.816497 0.408248 
				u 0.625 0.5
				p -0.5 0.5 -0.5
				n -0.57735 0.57735 -0.57735 
				t 0.801784 0.267261 -0.534523 
				b 0.154303 0.771517 0.617213 
				u 0.375 0.75
				p -0.5 0.5 0.5
				n -0.57735 0.57735 0.57735 
				t 0.816496 0.408248 0.408248 
				b 0.267261 0.801784 -0.534523 
				u 0.375 0.5
				p 0.5 0.5 -0.5
				n 0.57735 0.57735 -0.57735 
				t 0.707107 0 0.707107 
				b 0.154303 0.771517 0.617213 
				u 0.625 0.75
				p -0.5 0.5 -0.5
				n -0.57735 0.57735 -0.57735 
				t 0.801784 0.267261 -0.534523 
				b 0.154303 0.771517 0.617213 
				u 0.375 0.75
				p 0.5 0.5 0.5
				n 0.57735 0.57735 0.57735 
				t 0.816496 -0.408248 -0.408248 
				b -0.408248 0.816497 0.408248 
				u 0.625 0.5
				p -0.5 -0.5 0.5
				n -0.57735 -0.57735 0.57735 
				t 0.816497 -0.408248 0.408248 
				b 0 -0.707107 0.707107 
				u 0.375 0.25
				p 0.5 0.5 0.5
				n 0.57735 0.57735 0.57735 
				t 0.816496 -0.408248 -0.408248 
				b -0.408248 0.816497 0.408248 
				u 0.625 0.5
				p -0.5 0.5 0.5
				n -0.57735 0.57735 0.57735 
				t 0.816496 0.408248 0.408248 
				b 0.267261 0.801784 -0.534523 
				u 0.375 0.5
				p 0.5 -0.5 0.5
				n 0.57735 -0.57735 0.57735 
				t 0.816497 0.408248 -0.408248 
				b 0.154303 0.771517 0.617213 
				u 0.625 0.25
				p 0.5 0.5 0.5
				n 0.57735 0.57735 0.57735 
				t 0.816496 -0.408248 -0.408248 
				b -0.408248 0.816497 0.408248 
				u 0.625 0.5
				p -0.5 -0.5 0.5
				n -0.57735 -0.57735 0.57735 
				t 0.816497 -0.408248 0.408248 
				b 0 -0.707107 0.707107 
				u 0.375 0.25
				p -0.5 -0.5 -0.5
				n -0.57735 -0.57735 -0.57735 
				t 0.816496 -0.408248 -0.408248 
				b -0.534523 0.801784 -0.267261 
				u 0.375 0
				p 0.5 -0.5 0.5
				n 0.57735 -0.57735 0.57735 
				t 0.816497 0.408248 -0.408248 
				b 0.154303 0.771517 0.617213 
				u 0.625 0.25
				p -0.5 -0.5 0.5
				n -0.57735 -0.57735 0.57735 
				t 0.816497 -0.408248 0.408248 
				b 0 -0.707107 0.707107 
				u 0.375 0.25
				p 0.5 -0.5 -0.5
				n 0.57735 -0.57735 -0.57735 
				t 0.816496 0.408248 0.408248 
				b 0.267261 0.801784 -0.534523 
				u 0.625 0
				p 0.5 -0.5 0.5
				n 0.57735 -0.57735 0.57735 
				t 0.816497 0.408248 -0.408248 
				b 0.154303 0.771517 0.617213 
				u 0.625 0.25
				p -0.5 -0.5 -0.5
				n -0.57735 -0.57735 -0.57735 
				t 0.816496 -0.408248 -0.408248 
				b -0.534523 0.801784 -0.267261 
				u 0.375 0
				p 0.5 0.5 -0.5
				n 0.57735 0.57735 -0.57735 
				t 0.707107 0 0.707107 
				b 0.154303 0.771517 0.617213 
				u 0.625 0.75
				p 0.5 -0.5 0.5
				n 0.57735 -0.57735 0.57735 
				t -0.408248 0.408248 0.816496 
				b 0.154303 0.771517 0.617213 
				u 0.875 1
				p 0.5 -0.5 -0.5
				n 0.57735 -0.57735 -0.57735 
				t 0.771517 0.154303 0.617213 
				b 0.267261 0.801784 -0.534523 
				u 0.625 1
				p 0.5 0.5 0.5
				n 0.57735 0.57735 0.57735 
				t -0.408248 -0.408248 0.816496 
				b -0.408248 0.816497 0.408248 
				u 0.875 0.75
				p 0.5 -0.5 0.5
				n 0.57735 -0.57735 0.57735 
				t -0.408248 0.408248 0.816496 
				b 0.154303 0.771517 0.617213 
				u 0.875 1
				p 0.5 0.5 -0.5
				n 0.57735 0.57735 -0.57735 
				t 0.707107 0 0.707107 
				b 0.154303 0.771517 0.617213 
				u 0.625 0.75
				p -0.5 0.5 0.5
				n -0.57735 0.57735 0.57735 
				t -0.408248 0.408248 -0.816496 
				b 0.267261 0.801784 -0.534523 
				u 0.125 0.75
				p -0.5 -0.5 -0.5
				n -0.57735 -0.57735 -0.57735 
				t 0.617213 0.154303 -0.771517 
				b -0.534523 0.801784 -0.267261 
				u 0.375 1
				p -0.5 -0.5 0.5
				n -0.57735 -0.57735 0.57735 
				t -0.408248 -0.408248 -0.816496 
				b 0 -0.707107 0.707107 
				u 0.125 1
				p -0.5 0.5 -0.5
				n -0.57735 0.57735 -0.57735 
				t 0.801784 0.267261 -0.534523 
				b 0.154303 0.771517 0.617213 
				u 0.375 0.75
				p -0.5 -0.5 -0.5
				n -0.57735 -0.57735 -0.57735 
				t 0.617213 0.154303 -0.771517 
				b -0.534523 0.801784 -0.267261 
				u 0.375 1
				p -0.5 0.5 0.5
				n -0.57735 0.57735 0.57735 
				t -0.408248 0.408248 -0.816496 
				b 0.267261 0.801784 -0.534523 
				u 0.125 0.75
end
cam persp
	eye -1.10933 1.00241 -1.24722
	rot 32.7384 39.4 2.05799e-015
cam top
	eye 0 100.1 -0
	rot 90 -0 0
cam front
	eye 0 0 -100.1
	rot -0 -0 0
cam side
	eye 100.1 0 -0
	rot 0 -90 0
ti 0.0416667
ti 0.0833333
ti 0.208333
ti 0.416667
ti 1
